paths:
  wrf_executables : '/path/to/executables/'
  wrf_essentials : '/path/to/essentials/data/'
  wrf_nonessentials : '/path/to/nonessentials'
  driving_data : '/path/to/meteo/input/data'

namelist_vars:
  interval_seconds        : 3600
  dtbeg                   : 2018-10-23 00:00:00
  dtend                   : 2018-10-24 00:00:00
  grid_id                 : 1,     2,     3,    4, 5
  parent_id               :   0,   1,  2, 3
  e_we                    :  100, 199,  361
  e_sn                    :  100, 199,  361
  max_dom                 : 2
  i_parent_start          : 1,     19,    16,   30
  j_parent_start          : 1,     18,    13,   17
  parent_grid_ratio       : 1,     3,     3,    3
  parent_time_step_ratio  : 1,     3,     3,    3
  num_metgrid_soil_levels : 4
  dx                      : 733.33,244.4433
  dy                      : 733.33,244.4433
  e_vert                  : 42, 42, 42
  eta_levels              : 1.0, 0.998890197, 0.99667256, 0.9944575628, 0.992245186, 0.99003543, 0.987828, 0.985623, 0.983421876, 0.981222583, 0.9790258970, 0.9768318151, 0.973545568, 0.970265164, 0.96699059, 0.9626335, 0.958286830, 0.95395041, 0.94962427, 0.9420781747, 0.93135224, 0.92068973, 0.91009028, 0.899553520, 0.8922148795, 0.862340134, 0.83155646884, 0.79221508, 0.74397832, 0.689158038, 0.6294160, 0.567515045, 0.5057136, 0.44484700, 0.3856256098, 0.32860633, 0.2739932, 0.221777443, 0.1719337981, 0.12436526, 0.079087073, 0.00000
  p_top_requested        : 47310.
  time_step              : 4

submit_file:
  Nodes: 8
  time : '6:00:00'

link_grib:
  suffix_len : 3

pp_protocol:
  move: 1
  tslist_processing:
    timeavg: [5,10]
  create_maps:
    list_of_model_levels: [5]
    list_of_variables: ['WSP']
    list_of_domains: ['d01']
    poi_file: '/path/to/poi_file'
    store: True

